codes/swe2D_CPU/input/triangular/elevation.input
NCOLS 280 
NROWS 5 
XLLCORNER 0 
YLLCORNER 0 
CELLSIZE 0.02 
NODATA_value -9999 
[rows 0 to 4 of 5, columns 166 to 248 of 280]
0 0 0 0 0 0 0 0 0 0 0 0 0 0 0 0 0 0 0 0 0 0 0 0 0 0 0 0 0 0 0 0 0 0 0.00144444444444441 0.00433333333333337 0.0072222222222222 0.0101111111111112 0.013 0.0158888888888889 0.0187777777777778 0.0216666666666667 0.0245555555555555 0.0274444444444445 0.0303333333333333 0.0332222222222223 0.0361111111111111 0.0390000000000001 0.0418888888888889 0.0447777777777779 0.0476666666666667 0.0505555555555556 0.0534444444444445 0.0563333333333333 0.0592222222222222 0.0621111111111111 0.065 0.0621111111111112 0.0592222222222222 0.0563333333333334 0.0534444444444444 0.0505555555555556 0.0476666666666666 0.0447777777777778 0.0418888888888889 0.039 0.0361111111111111 0.0332222222222223 0.0303333333333333 0.0274444444444445 0.0245555555555555 0.0216666666666667 0.0187777777777777 0.0158888888888889 0.0129999999999999 0.0101111111111111 0.00722222222222216 0.00433333333333334 0.00144444444444451 0 0 0 0
0 0 0 0 0 0 0 0 0 0 0 0 0 0 0 0 0 0 0 0 0 0 0 0 0 0 0 0 0 0 0 0 0 0 0.00144444444444441 0.00433333333333337 0.0072222222222222 0.0101111111111112 0.013 0.0158888888888889 0.0187777777777778 0.0216666666666667 0.0245555555555555 0.0274444444444445 0.0303333333333333 0.0332222222222223 0.0361111111111111 0.0390000000000001 0.0418888888888889 0.0447777777777779 0.0476666666666667 0.0505555555555556 0.0534444444444445 0.0563333333333333 0.0592222222222222 0.0621111111111111 0.065 0.0621111111111112 0.0592222222222222 0.0563333333333334 0.0534444444444444 0.0505555555555556 0.0476666666666666 0.0447777777777778 0.0418888888888889 0.039 0.0361111111111111 0.0332222222222223 0.0303333333333333 0.0274444444444445 0.0245555555555555 0.0216666666666667 0.0187777777777777 0.0158888888888889 0.0129999999999999 0.0101111111111111 0.00722222222222216 0.00433333333333334 0.00144444444444451 0 0 0 0
0 0 0 0 0 0 0 0 0 0 0 0 0 0 0 0 0 0 0 0 0 0 0 0 0 0 0 0 0 0 0 0 0 0 0.00144444444444441 0.00433333333333337 0.0072222222222222 0.0101111111111112 0.013 0.0158888888888889 0.0187777777777778 0.0216666666666667 0.0245555555555555 0.0274444444444445 0.0303333333333333 0.0332222222222223 0.0361111111111111 0.0390000000000001 0.0418888888888889 0.0447777777777779 0.0476666666666667 0.0505555555555556 0.0534444444444445 0.0563333333333333 0.0592222222222222 0.0621111111111111 0.065 0.0621111111111112 0.0592222222222222 0.0563333333333334 0.0534444444444444 0.0505555555555556 0.0476666666666666 0.0447777777777778 0.0418888888888889 0.039 0.0361111111111111 0.0332222222222223 0.0303333333333333 0.0274444444444445 0.0245555555555555 0.0216666666666667 0.0187777777777777 0.0158888888888889 0.0129999999999999 0.0101111111111111 0.00722222222222216 0.00433333333333334 0.00144444444444451 0 0 0 0
0 0 0 0 0 0 0 0 0 0 0 0 0 0 0 0 0 0 0 0 0 0 0 0 0 0 0 0 0 0 0 0 0 0 0.00144444444444441 0.00433333333333337 0.0072222222222222 0.0101111111111112 0.013 0.0158888888888889 0.0187777777777778 0.0216666666666667 0.0245555555555555 0.0274444444444445 0.0303333333333333 0.0332222222222223 0.0361111111111111 0.0390000000000001 0.0418888888888889 0.0447777777777779 0.0476666666666667 0.0505555555555556 0.0534444444444445 0.0563333333333333 0.0592222222222222 0.0621111111111111 0.065 0.0621111111111112 0.0592222222222222 0.0563333333333334 0.0534444444444444 0.0505555555555556 0.0476666666666666 0.0447777777777778 0.0418888888888889 0.039 0.0361111111111111 0.0332222222222223 0.0303333333333333 0.0274444444444445 0.0245555555555555 0.0216666666666667 0.0187777777777777 0.0158888888888889 0.0129999999999999 0.0101111111111111 0.00722222222222216 0.00433333333333334 0.00144444444444451 0 0 0 0
0 0 0 0 0 0 0 0 0 0 0 0 0 0 0 0 0 0 0 0 0 0 0 0 0 0 0 0 0 0 0 0 0 0 0.00144444444444441 0.00433333333333337 0.0072222222222222 0.0101111111111112 0.013 0.0158888888888889 0.0187777777777778 0.0216666666666667 0.0245555555555555 0.0274444444444445 0.0303333333333333 0.0332222222222223 0.0361111111111111 0.0390000000000001 0.0418888888888889 0.0447777777777779 0.0476666666666667 0.0505555555555556 0.0534444444444445 0.0563333333333333 0.0592222222222222 0.0621111111111111 0.065 0.0621111111111112 0.0592222222222222 0.0563333333333334 0.0534444444444444 0.0505555555555556 0.0476666666666666 0.0447777777777778 0.0418888888888889 0.039 0.0361111111111111 0.0332222222222223 0.0303333333333333 0.0274444444444445 0.0245555555555555 0.0216666666666667 0.0187777777777777 0.0158888888888889 0.0129999999999999 0.0101111111111111 0.00722222222222216 0.00433333333333334 0.00144444444444451 0 0 0 0
